% Parametres physiques :
tFin     = 9e9
m1       = 1e9
m2       = 1.98892e30
m3       = 0.
x01      = 4544.2e6
y01      = 0.
x02      = 0.
y02      = 0.
x03      = 0.
y03      = 0.
vx01     = 0.
vy01     = 29791.62093
vx02     = 0.
vy02     = 0.
vx03     = 0.
vy03     = 0.

% Parametres numeriques :
dt       = 1e5
sampling = 1
epsilon  = 1e2
output   = outputTraj4-2-a.dat
